Black Body Radiation Experiment Wed, Oct 19, 2022 11:06 AM
Sensor Position (Degrees)	Light Intensity (Volts)
0.00000	-0.08446
0.00000	-0.08462
0.00000	-0.08575
0.00000	-0.08301
0.00000	-0.08575
0.00000	-0.08558
0.00000	-0.08413
0.00000	-0.08558
0.00000	-0.08736
0.00000	-0.08945
0.00000	-0.08317
0.00000	-0.08961
0.00000	-0.08510
0.00000	-0.08558
0.00000	-0.08123
0.00000	-0.08526
0.00000	-0.08494
0.00000	-0.08864
0.00000	-0.08687
0.00000	-0.08285
0.00000	-0.08349
0.00000	-0.08542
0.00000	-0.08478
0.00000	-0.08671
0.00000	-0.08446
0.00000	-0.08413
0.00000	-0.08848
0.00000	-0.08719
0.00000	-0.08736
0.00000	-0.08156
0.00000	-0.08687
0.00000	-0.08204
0.00000	-0.08736
0.00000	-0.08510
0.00000	-0.08655
0.00000	-0.08768
0.00000	-0.08397
0.00000	-0.08639
0.00000	-0.08607
0.00000	-0.08542
0.00000	-0.08510
0.00000	-0.08607
0.00000	-0.08397
0.00000	-0.08510
0.00000	-0.08478
0.00000	-0.08655
0.00000	-0.08719
0.00000	-0.08542
0.00000	-0.08285
0.00000	-0.08687
0.00000	-0.08719
0.00000	-0.08575
0.00000	-0.08800
0.00000	-0.08575
0.00000	-0.08268
0.00000	-0.08591
0.00000	-0.08494
0.00000	-0.08333
0.00000	-0.08413
0.00000	-0.08494
0.00000	-0.08575
0.00000	-0.08140
0.00000	-0.08413
0.00000	-0.08768
0.00000	-0.08655
0.00000	-0.08446
0.00000	-0.08397
0.00000	-0.08719
0.00000	-0.08317
0.00000	-0.08575
0.00000	-0.08768
0.00000	-0.08816
0.00000	-0.08639
0.00000	-0.08349
0.00000	-0.08285
0.00000	-0.08236
0.00000	-0.08317
0.00000	-0.08349
0.00000	-0.08381
0.00000	-0.08494
0.00000	-0.08172
0.00000	-0.08091
0.00000	-0.08542
0.00000	-0.08204
0.00000	-0.08961
0.00000	-0.08784
0.00000	-0.08526
0.00000	-0.08236
0.00000	-0.08558
0.00000	-0.08494
0.00000	-0.08784
0.00000	-0.08494
0.00000	-0.08687
0.00000	-0.08623
0.00000	-0.08687
0.00000	-0.08107
0.00000	-0.08365
0.00000	-0.08333
0.00000	-0.08381
0.00000	-0.08236
0.00000	-0.08462
0.00000	-0.08397
0.00000	-0.08349
0.00000	-0.07898
0.00000	-0.09009
0.00000	-0.08478
0.00000	-0.08864
0.00000	-0.08864
0.00000	-0.08059
0.00000	-0.08768
0.00000	-0.08365
0.00000	-0.08285
0.00000	-0.08494
0.00000	-0.08848
0.00000	-0.08526
0.00000	-0.08381
0.00000	-0.08542
0.00000	-0.08236
0.00000	-0.08365
0.00000	-0.08478
0.00000	-0.08446
0.00000	-0.08381
0.00000	-0.08140
0.00000	-0.08703
0.00000	-0.08575
0.00000	-0.08558
0.00000	-0.08397
0.00000	-0.08494
0.00000	-0.08446
0.00000	-0.08703
0.00000	-0.07946
0.00000	-0.08623
0.00000	-0.08526
0.00000	-0.08607
0.00000	-0.08172
0.00000	-0.08381
0.00000	-0.08301
0.00000	-0.08623
0.00000	-0.08123
0.00000	-0.08446
0.00000	-0.08365
0.00000	-0.08349
0.00000	-0.08301
0.00000	-0.08381
0.00000	-0.08542
0.00000	-0.08575
0.00000	-0.08494
0.00000	-0.08301
0.00000	-0.08768
0.00000	-0.08413
0.00000	-0.08575
0.01035	-0.08639
0.01035	-0.08301
0.01035	-0.08881
0.01035	-0.08639
0.01035	-0.08188
0.01035	-0.08430
0.01035	-0.08864
0.01035	-0.08510
0.01035	-0.08430
0.01035	-0.08816
0.01035	-0.08285
0.01035	-0.08413
0.01035	-0.08510
0.02070	-0.08510
0.02070	-0.08462
0.10348	-0.08478
0.33114	-0.08736
0.49671	-0.08510
0.69333	-0.08430
0.87960	-0.08430
1.12795	-0.08413
1.31422	-0.08607
1.52118	-0.08252
1.67641	-0.07769
1.79024	-0.08301
1.94546	-0.08333
2.02825	-0.08494
2.06964	-0.08268
2.10068	-0.08430
2.11103	-0.08800
2.11103	-0.08430
2.11103	-0.08575
2.11103	-0.08027
2.11103	-0.08510
2.11103	-0.08397
2.11103	-0.08542
2.11103	-0.08252
2.12138	-0.08687
2.13173	-0.08268
2.16277	-0.08687
2.19382	-0.08043
2.23521	-0.08285
2.27660	-0.08752
2.32834	-0.08607
2.39043	-0.08285
2.46287	-0.08285
2.51461	-0.08204
2.56635	-0.08703
2.63879	-0.08107
2.70088	-0.08156
2.75262	-0.08575
2.81471	-0.08413
2.88715	-0.08526
2.95958	-0.08091
3.04237	-0.08510
3.10446	-0.08268
3.18724	-0.08864
3.25968	-0.08285
3.33212	-0.08510
3.39421	-0.08172
3.46665	-0.08558
3.51839	-0.08430
3.60117	-0.08333
3.66326	-0.08639
3.71500	-0.08413
3.76674	-0.08123
3.81848	-0.08494
3.85988	-0.08381
3.91162	-0.08752
3.95301	-0.08252
4.01510	-0.08816
4.05649	-0.08687
4.09789	-0.08397
4.15997	-0.08333
4.21172	-0.08268
4.26346	-0.08397
4.33589	-0.08220
4.40833	-0.08558
4.47042	-0.08107
4.54286	-0.08188
4.59460	-0.08591
4.63599	-0.08285
4.64634	-0.08140
4.69808	-0.08172
4.71878	-0.08172
4.73947	-0.08268
4.73947	-0.07995
4.78087	-0.08107
4.78087	-0.08558
4.80156	-0.08510
4.80156	-0.08285
4.82226	-0.08043
4.84296	-0.08494
4.86365	-0.07946
4.88435	-0.08413
4.90504	-0.08091
4.93609	-0.08446
4.96713	-0.08301
4.99818	-0.08317
5.04992	-0.08301
5.08096	-0.07995
5.14305	-0.08349
5.19479	-0.08252
5.24654	-0.08156
5.31897	-0.08059
5.39141	-0.08172
5.44315	-0.08156
5.50524	-0.08091
5.57768	-0.08172
5.61907	-0.08349
5.70186	-0.08075
5.74325	-0.08752
5.83638	-0.08494
5.90882	-0.07995
5.95021	-0.08365
6.04335	-0.07978
6.09509	-0.07930
6.19857	-0.08349
6.27101	-0.08204
6.38484	-0.08156
6.48832	-0.08607
6.61250	-0.08333
6.75737	-0.08317
6.88155	-0.08446
7.00573	-0.08671
7.12991	-0.08397
7.27478	-0.07930
7.37826	-0.08220
7.47140	-0.08607
7.57488	-0.08123
7.65767	-0.08558
7.74045	-0.08107
7.81289	-0.08140
7.89567	-0.08091
7.96811	-0.08091
8.04055	-0.08027
8.11299	-0.07882
8.17507	-0.07930
8.24751	-0.08091
8.31995	-0.07914
8.38204	-0.08285
8.44413	-0.08140
8.50622	-0.08510
8.54761	-0.08091
8.60970	-0.08027
8.66144	-0.08462
8.70283	-0.08268
8.73388	-0.08333
8.75457	-0.08204
8.78562	-0.07882
8.81666	-0.08430
8.82701	-0.08607
8.83736	-0.08494
8.83736	-0.08510
8.85806	-0.08011
8.85806	-0.08381
8.86840	-0.08268
8.87875	-0.08494
8.90980	-0.08140
8.92015	-0.08075
8.92015	-0.08252
8.92015	-0.08301
8.92015	-0.08252
8.92015	-0.08059
8.92015	-0.08059
8.92015	-0.08607
8.92015	-0.08107
8.92015	-0.08172
8.92015	-0.08494
8.92015	-0.08317
8.92015	-0.08268
8.92015	-0.08671
8.92015	-0.08091
8.92015	-0.08027
8.92015	-0.08526
8.88910	-0.08913
8.83736	-0.08413
8.79597	-0.08204
8.75457	-0.08639
8.74423	-0.08349
8.71318	-0.08075
8.69248	-0.08333
8.68214	-0.08301
8.67179	-0.08236
8.66144	-0.08623
8.66144	-0.08413
8.66144	-0.07737
8.66144	-0.08027
8.66144	-0.08091
8.67179	-0.08236
8.67179	-0.08333
8.67179	-0.07962
8.67179	-0.08333
8.67179	-0.08542
8.68214	-0.08268
8.69248	-0.08075
8.70283	-0.07962
8.72353	-0.08204
8.75457	-0.08252
8.77527	-0.08156
8.79597	-0.08333
8.82701	-0.08236
8.83736	-0.08671
8.88910	-0.07850
8.94084	-0.08059
8.99258	-0.08204
9.04432	-0.08107
9.10641	-0.08301
9.17885	-0.08607
9.25129	-0.08301
9.32372	-0.08172
9.37547	-0.08301
9.42721	-0.08333
9.46860	-0.07882
9.50999	-0.08687
9.56173	-0.07978
9.61347	-0.08204
9.64452	-0.08059
9.66522	-0.08268
9.68591	-0.08123
9.71696	-0.08397
9.75835	-0.08188
9.81009	-0.08413
9.87218	-0.08333
9.93427	-0.08027
9.99636	-0.08252
10.04810	-0.07995
10.12054	-0.07866
10.20332	-0.08349
10.28611	-0.08140
10.35854	-0.08107
10.41029	-0.07962
10.46203	-0.07688
10.50342	-0.08494
10.54481	-0.08317
10.55516	-0.07882
10.56551	-0.07914
10.57586	-0.08075
10.57586	-0.08236
10.57586	-0.08591
10.59655	-0.08381
10.61725	-0.08156
10.63795	-0.08156
10.65864	-0.08075
10.67934	-0.07705
10.72073	-0.08075
10.74143	-0.08156
10.76212	-0.07930
10.79317	-0.08236
10.82421	-0.07705
10.85526	-0.08430
10.87595	-0.07995
10.89665	-0.08671
10.91735	-0.07753
10.94839	-0.08123
10.98978	-0.08268
11.02083	-0.08091
11.07257	-0.08236
11.11396	-0.08027
11.15536	-0.07914
11.18640	-0.08381
11.22779	-0.07608
11.25884	-0.08252
11.30023	-0.08285
11.32093	-0.08140
11.34162	-0.08075
11.36232	-0.08107
11.39336	-0.08381
11.42441	-0.08462
11.46580	-0.08011
11.50719	-0.08365
11.55894	-0.08091
11.62102	-0.08268
11.67277	-0.08107
11.73485	-0.07962
11.78660	-0.07962
11.86938	-0.08075
11.92112	-0.07995
12.00391	-0.07850
12.07634	-0.08381
12.15913	-0.07817
12.23157	-0.07978
12.30401	-0.08172
12.36609	-0.07672
12.44888	-0.08397
12.53167	-0.07882
12.60410	-0.07721
12.66619	-0.08091
12.72828	-0.08252
12.79037	-0.08027
12.83176	-0.08156
12.88350	-0.08140
12.91455	-0.08204
12.94559	-0.08220
12.96629	-0.08204
12.99733	-0.07930
13.02838	-0.08156
13.06977	-0.07850
13.13186	-0.08091
13.19395	-0.08043
13.22499	-0.07914
13.25604	-0.08236
13.31813	-0.08140
13.38022	-0.08172
13.46300	-0.08204
13.51474	-0.08236
13.57683	-0.08091
13.64927	-0.08075
13.72171	-0.07866
13.80449	-0.08123
13.88728	-0.08091
13.97006	-0.08043
14.05285	-0.08220
14.12529	-0.08107
14.19773	-0.08027
14.25981	-0.08107
14.33225	-0.08156
14.39434	-0.07930
14.46678	-0.08091
14.52887	-0.07978
14.60130	-0.07930
14.66339	-0.08091
14.73583	-0.07753
14.78757	-0.07914
14.84966	-0.08027
14.91175	-0.08301
14.98419	-0.08317
15.04628	-0.08107
15.09802	-0.07882
15.14976	-0.07769
15.20150	-0.08204
15.24289	-0.08011
15.29463	-0.08462
15.33603	-0.07930
15.36707	-0.07656
15.38777	-0.08011
15.40846	-0.08156
15.43951	-0.08462
15.47055	-0.08349
15.50160	-0.08204
15.54299	-0.07769
15.58438	-0.07995
15.61543	-0.08204
15.64647	-0.08204
15.69821	-0.07769
15.72926	-0.07737
15.74995	-0.08027
15.79135	-0.08204
15.85344	-0.07995
15.91553	-0.08268
15.96727	-0.08204
16.02936	-0.07785
16.08110	-0.07640
16.14319	-0.07833
16.18458	-0.08446
16.24667	-0.07688
16.29841	-0.07898
16.35015	-0.08333
16.40189	-0.08220
16.44328	-0.08027
16.48468	-0.07962
16.52607	-0.08075
16.56746	-0.07721
16.59851	-0.08349
16.62955	-0.07978
16.68129	-0.07946
16.72268	-0.08140
16.76408	-0.07962
16.79512	-0.08188
16.82617	-0.07656
16.85721	-0.08027
16.89860	-0.08172
16.94000	-0.07705
16.98139	-0.07866
17.02278	-0.07882
17.06418	-0.07962
17.10557	-0.07882
17.13661	-0.08043
17.17801	-0.08011
17.21940	-0.07866
17.27114	-0.07930
17.31253	-0.08430
17.36427	-0.07592
17.40567	-0.07978
17.48845	-0.07479
17.55054	-0.07640
17.62298	-0.07785
17.66437	-0.07995
17.71611	-0.08027
17.76785	-0.08091
17.80925	-0.07737
17.86099	-0.07398
17.90238	-0.07882
17.97482	-0.07769
18.02656	-0.07882
18.07830	-0.07769
18.11969	-0.07350
18.17143	-0.07640
18.22317	-0.07817
18.27491	-0.07769
18.31631	-0.07930
18.36805	-0.08011
18.39909	-0.07463
18.41979	-0.07946
18.44049	-0.07930
18.46118	-0.07334
18.48188	-0.07511
18.50257	-0.07366
18.53362	-0.07656
18.56466	-0.07382
18.59571	-0.07640
18.61640	-0.07705
18.64745	-0.07688
18.68884	-0.07817
18.74058	-0.07463
18.78198	-0.07415
18.82337	-0.07560
18.85441	-0.07705
18.88546	-0.07382
18.93720	-0.07527
18.98894	-0.06964
19.03033	-0.07656
19.10277	-0.07415
19.15451	-0.06996
19.19590	-0.06738
19.24764	-0.07221
19.30973	-0.07109
19.36147	-0.07576
19.41322	-0.06851
19.45461	-0.07060
19.49600	-0.06899
19.52705	-0.07060
19.56844	-0.06883
19.59948	-0.07028
19.63053	-0.06335
19.66157	-0.06480
19.69262	-0.06432
19.72366	-0.06529
19.74436	-0.06400
19.76505	-0.06464
19.79610	-0.06448
19.83749	-0.06529
19.87888	-0.06657
19.90993	-0.06351
19.94097	-0.05884
19.97202	-0.06239
20.01341	-0.06142
20.02376	-0.05981
20.05480	-0.06335
20.07550	-0.06029
20.08585	-0.06045
20.08585	-0.05916
20.08585	-0.05916
20.09620	-0.05916
20.09620	-0.05578
20.10655	-0.05900
20.10655	-0.05594
20.14794	-0.05336
20.15829	-0.06029
20.16863	-0.05771
20.19968	-0.05610
20.22038	-0.05643
20.24107	-0.05433
20.26177	-0.05433
20.28246	-0.06222
20.30316	-0.05707
20.34455	-0.05449
20.36525	-0.05610
20.39629	-0.05127
20.41699	-0.05224
20.45838	-0.05320
20.49978	-0.05111
20.54117	-0.05079
20.58256	-0.04837
20.62395	-0.04885
20.68604	-0.04789
20.72744	-0.04499
20.77918	-0.04338
20.83092	-0.04338
20.89301	-0.03468
20.91370	-0.03774
20.93440	-0.03693
20.95510	-0.03419
20.97579	-0.03387
20.98614	-0.03274
21.00684	-0.03194
21.01719	-0.03210
21.03788	-0.02968
21.05858	-0.02968
21.09997	-0.03017
21.13102	-0.03033
21.15171	-0.02598
21.17241	-0.02743
21.24485	-0.02872
21.30694	-0.02759
21.34833	-0.02566
21.40007	-0.02453
21.44146	-0.02372
21.48286	-0.01792
21.52425	-0.02082
21.57599	-0.01631
21.60703	-0.01470
21.62773	-0.01825
21.66912	-0.01776
21.71052	-0.01583
21.73121	-0.01631
21.75191	-0.01615
21.77260	-0.01325
21.79330	-0.01357
21.82435	-0.01486
21.84504	-0.01245
21.86574	-0.01470
21.89678	-0.01470
21.91748	-0.01728
21.93818	-0.01760
21.96922	-0.01857
22.01061	-0.01325
22.05201	-0.01293
22.09340	-0.01647
22.15549	-0.01680
22.21758	-0.01631
22.29001	-0.01744
22.34176	-0.02227
22.39350	-0.01905
22.45559	-0.02195
22.50733	-0.02098
22.56942	-0.02469
22.62116	-0.02453
22.67290	-0.02646
22.72464	-0.03081
22.76603	-0.03484
22.79708	-0.03194
22.82812	-0.03516
22.86951	-0.03870
22.91091	-0.03661
22.94195	-0.04112
22.97300	-0.04241
23.00404	-0.04128
23.01439	-0.04418
23.03508	-0.04354
23.06613	-0.04257
23.08683	-0.04628
23.10752	-0.04370
23.12822	-0.05159
23.15926	-0.04837
23.20066	-0.05240
23.23170	-0.05256
23.25240	-0.05288
23.28344	-0.05191
23.30414	-0.05385
23.33518	-0.05369
23.35588	-0.05852
23.39727	-0.05900
23.44901	-0.05659
23.50075	-0.05707
23.54215	-0.05949
23.58354	-0.06239
23.63528	-0.06319
23.69737	-0.06271
23.75946	-0.06013
23.81120	-0.06432
23.86294	-0.06174
23.91468	-0.06690
23.97677	-0.06174
24.02851	-0.06674
24.09060	-0.07189
24.14234	-0.06915
24.21478	-0.07318
24.28722	-0.07463
24.33896	-0.07270
24.40105	-0.07527
24.45279	-0.07189
24.51488	-0.07543
24.57697	-0.07302
24.63905	-0.07157
24.70114	-0.07801
24.76323	-0.07334
24.81497	-0.07511
24.85637	-0.07237
24.89776	-0.07495
24.92880	-0.07946
24.95985	-0.07850
24.99089	-0.07962
25.02194	-0.07431
25.04263	-0.07495
25.07368	-0.07640
25.10472	-0.07962
25.12542	-0.07721
25.15646	-0.07656
25.17716	-0.07511
25.18751	-0.07592
25.23925	-0.07656
25.29099	-0.07576
25.33238	-0.07560
25.36343	-0.07640
25.39447	-0.07382
25.42552	-0.07624
25.44621	-0.07495
25.48761	-0.07527
25.51865	-0.07833
25.54970	-0.07801
25.59109	-0.07415
25.62213	-0.08027
25.64283	-0.07624
25.68422	-0.07608
25.72562	-0.07576
25.76701	-0.07946
25.80840	-0.07382
25.84979	-0.07511
25.90153	-0.07237
25.94293	-0.07850
25.99467	-0.07833
26.06711	-0.08156
26.11885	-0.07753
26.17059	-0.07866
26.23268	-0.07640
26.28442	-0.07479
26.33616	-0.07882
26.39825	-0.07511
26.43964	-0.07833
26.49138	-0.07270
26.52243	-0.07672
26.55347	-0.07318
26.59486	-0.07334
26.62591	-0.07721
26.64660	-0.07237
26.67765	-0.07092
26.70869	-0.07334
26.73974	-0.06883
26.78113	-0.07656
26.81218	-0.07576
26.84322	-0.07721
26.88461	-0.07753
26.92601	-0.07688
26.96740	-0.07560
27.01914	-0.07672
27.07088	-0.07415
27.12262	-0.07592
27.18471	-0.07624
27.24680	-0.07463
27.31924	-0.07656
27.40202	-0.07495
27.49516	-0.07543
27.56759	-0.07221
27.62968	-0.07769
27.67108	-0.07350
27.72282	-0.07189
27.80560	-0.07141
27.87804	-0.07109
27.95048	-0.07318
28.01257	-0.07125
28.06431	-0.07366
28.10570	-0.07366
28.14709	-0.07350
28.16779	-0.07318
28.18849	-0.07721
28.20918	-0.07511
28.21953	-0.07366
28.24023	-0.07624
28.27127	-0.07463
28.29197	-0.07527
28.31266	-0.07543
28.34371	-0.07270
28.36441	-0.07688
28.39545	-0.07672
28.44719	-0.07543
28.48858	-0.07576
28.55067	-0.07705
28.60241	-0.07511
28.65416	-0.07592
28.73694	-0.07141
28.80938	-0.07608
28.89216	-0.07640
28.97495	-0.07576
29.04739	-0.07543
29.11982	-0.07334
29.19226	-0.07576
29.25435	-0.07850
29.32679	-0.07656
29.38888	-0.07560
29.45097	-0.07382
29.51306	-0.07753
29.58549	-0.07334
29.63723	-0.07318
29.69932	-0.07302
29.76141	-0.07221
29.83385	-0.07286
29.90629	-0.07543
29.96838	-0.07463
30.03047	-0.07431
30.09255	-0.07511
30.15464	-0.07382
30.23743	-0.07560
30.32021	-0.07479
30.39265	-0.07560
30.46509	-0.07479
30.53753	-0.07382
30.59962	-0.07479
30.65136	-0.07398
30.71345	-0.07479
30.77554	-0.07495
30.85832	-0.07270
30.92041	-0.07044
30.98250	-0.07286
31.02389	-0.07350
31.08598	-0.07543
31.13772	-0.07624
31.17911	-0.07125
31.22051	-0.07640
31.25155	-0.07237
31.29295	-0.07254
31.32399	-0.07221
31.36538	-0.07366
31.40678	-0.07479
31.45852	-0.07157
31.51026	-0.07334
31.57235	-0.07270
31.63444	-0.07382
31.69652	-0.07060
31.75861	-0.07447
31.83105	-0.07753
31.90349	-0.07511
31.96558	-0.07302
32.02767	-0.07850
32.08976	-0.07560
32.14150	-0.07592
32.18289	-0.07624
32.21393	-0.07608
32.24498	-0.07382
32.27602	-0.06915
32.29672	-0.07415
32.30707	-0.07398
32.32776	-0.07254
32.32776	-0.07205
32.32776	-0.07270
32.33811	-0.07495
32.34846	-0.07382
32.37951	-0.07624
32.42090	-0.07946
32.47264	-0.07801
32.53473	-0.07431
32.59682	-0.07850
32.66926	-0.07527
32.73134	-0.07543
32.80378	-0.07672
32.87622	-0.07930
32.94866	-0.07447
33.03144	-0.07688
33.09353	-0.07882
33.16597	-0.07737
33.25910	-0.07302
33.35224	-0.07769
33.44537	-0.07705
33.52816	-0.07382
33.60059	-0.07737
33.69373	-0.07930
33.78686	-0.07850
33.87999	-0.07560
33.97313	-0.07092
34.06626	-0.07334
34.16974	-0.07995
34.26288	-0.07237
34.34566	-0.07318
34.42845	-0.07817
34.51123	-0.07688
34.62506	-0.07221
34.70785	-0.07705
34.81133	-0.07576
34.92516	-0.07495
35.03899	-0.07737
35.16317	-0.07608
35.25630	-0.07527
35.32874	-0.07447
35.41153	-0.07527
35.48396	-0.07576
35.55640	-0.07495
35.60814	-0.07286
35.64954	-0.07495
35.69093	-0.07608
35.72197	-0.07382
35.75302	-0.07511
35.76337	-0.07511
35.78406	-0.07431
35.79441	-0.07254
35.80476	-0.07769
35.81511	-0.07672
35.82545	-0.07705
35.84615	-0.07640
35.85650	-0.07447
35.87720	-0.07447
35.88754	-0.07398
35.90824	-0.07431
35.92894	-0.07560
35.95998	-0.07125
35.98068	-0.07495
36.01172	-0.07334
36.04277	-0.07817
36.08416	-0.07221
36.13590	-0.07334
36.17729	-0.07221
36.21869	-0.07640
36.26008	-0.07640
36.32217	-0.07688
36.35321	-0.07511
36.41530	-0.07318
36.46704	-0.07398
36.52913	-0.07721
36.59122	-0.07785
36.66366	-0.07801
36.72575	-0.07898
36.79819	-0.07463
36.87062	-0.07753
36.95341	-0.07495
37.03619	-0.07543
37.13968	-0.07318
37.24316	-0.07415
37.33629	-0.07882
37.43977	-0.07431
37.55360	-0.07672
37.64674	-0.07801
37.73987	-0.07495
37.83300	-0.07688
37.92614	-0.07640
38.02962	-0.07479
38.15380	-0.07527
38.25728	-0.07398
38.36076	-0.07495
38.46424	-0.07415
38.55738	-0.07560
38.65051	-0.07495
38.74365	-0.07254
38.81608	-0.07543
38.88852	-0.07850
38.95061	-0.07576
39.02305	-0.07463
39.08514	-0.07688
39.16792	-0.07318
39.23001	-0.07286
39.29210	-0.07672
39.35419	-0.07511
39.41628	-0.07801
39.47837	-0.07366
39.55081	-0.07318
39.63359	-0.07447
39.71638	-0.07511
39.80951	-0.07576
39.90264	-0.07431
39.99578	-0.07076
40.08891	-0.07366
40.18205	-0.07753
40.27518	-0.07350
40.35796	-0.07076
40.44075	-0.07769
40.52354	-0.07447
40.59597	-0.07109
40.66841	-0.07705
40.74085	-0.06867
40.81329	-0.07382
40.88572	-0.07221
40.95816	-0.07608
41.03060	-0.07205
41.10303	-0.07447
41.17547	-0.07850
41.25826	-0.07705
41.33070	-0.07608
41.41348	-0.07527
41.51696	-0.07753
41.58940	-0.07608
41.69288	-0.07237
41.78602	-0.07302
41.86880	-0.06931
41.95159	-0.07463
42.06542	-0.07205
42.15855	-0.07576
42.25168	-0.07302
42.34482	-0.07221
42.43795	-0.07511
42.53109	-0.07511
42.61387	-0.07592
42.68631	-0.07286
42.77944	-0.07189
42.87258	-0.07576
42.97606	-0.07463
43.06919	-0.07157
43.16233	-0.07672
43.25546	-0.07447
43.32790	-0.07479
43.40033	-0.07543
43.46242	-0.07672
43.54521	-0.07318
43.61765	-0.07237
43.69008	-0.07398
43.76252	-0.07431
43.83496	-0.07350
43.90740	-0.07205
43.99018	-0.07366
44.06262	-0.07286
44.12471	-0.07060
44.19715	-0.07382
44.26958	-0.07044
44.33167	-0.07092
44.41446	-0.06980
44.48690	-0.06947
44.55933	-0.06770
44.63177	-0.07270
44.71456	-0.07753
44.80769	-0.07012
44.90082	-0.06964
44.99396	-0.07141
45.08709	-0.07318
45.18022	-0.07125
45.25266	-0.07060
45.32510	-0.07221
45.38719	-0.06980
45.45963	-0.06931
45.53206	-0.07044
45.60450	-0.07109
45.67694	-0.07237
45.74937	-0.07012
45.81146	-0.07318
45.88390	-0.07044
45.94599	-0.07076
46.00808	-0.06883
46.07017	-0.07141
46.13226	-0.07334
46.19435	-0.06722
46.24609	-0.07044
46.29783	-0.06931
46.35992	-0.06996
46.42201	-0.06899
46.47375	-0.06964
46.53584	-0.06964
46.59793	-0.06883
46.63932	-0.07350
46.70141	-0.07511
46.76350	-0.06996
46.82559	-0.06915
46.89802	-0.07366
46.99116	-0.07092
47.10499	-0.06754
47.20847	-0.07254
47.30160	-0.06980
47.39474	-0.07076
47.50857	-0.07479
47.60170	-0.07254
47.69484	-0.07350
47.79832	-0.07205
47.89145	-0.06996
47.98459	-0.07270
48.06737	-0.07157
48.15016	-0.07237
48.24329	-0.07189
48.32608	-0.07366
48.40886	-0.07109
48.49165	-0.07076
48.56408	-0.07205
48.61583	-0.07157
48.65722	-0.07205
48.70896	-0.07060
48.75035	-0.07302
48.80209	-0.07125
48.83314	-0.07012
48.88488	-0.07415
48.92627	-0.07286
48.97801	-0.07511
49.02975	-0.07109
49.11254	-0.07221
49.19532	-0.06867
49.25741	-0.07012
49.35055	-0.07028
49.44368	-0.07092
49.52647	-0.07092
49.62995	-0.07479
49.71273	-0.06915
49.79552	-0.07044
49.86796	-0.07189
49.93005	-0.07270
49.99214	-0.06851
50.04388	-0.07076
50.09562	-0.07334
50.14736	-0.07060
50.17840	-0.06980
50.21980	-0.07398
50.26119	-0.06851
50.31293	-0.07189
50.34397	-0.06867
50.37502	-0.07157
50.42676	-0.07109
50.47850	-0.07125
50.54059	-0.07415
50.58198	-0.06980
50.64407	-0.06980
50.69581	-0.06625
50.73721	-0.07334
50.77860	-0.06802
50.83034	-0.06980
50.88208	-0.07270
50.94417	-0.07286
51.00626	-0.07334
51.05800	-0.07044
51.12009	-0.07109
51.18218	-0.07334
51.24427	-0.07270
51.30636	-0.07382
51.36845	-0.07286
51.42019	-0.07125
51.48228	-0.07447
51.55471	-0.07302
51.63750	-0.06674
51.70994	-0.07044
51.79272	-0.06432
51.87551	-0.07254
51.96864	-0.06819
52.07212	-0.07109
52.17560	-0.07092
52.29978	-0.07157
52.38257	-0.07270
52.46535	-0.07044
52.54814	-0.06980
52.63093	-0.06947
52.70336	-0.06931
52.77580	-0.07221
52.84824	-0.07028
52.91033	-0.07302
52.97242	-0.06883
53.02416	-0.07189
53.07590	-0.07205
53.11729	-0.06770
53.16903	-0.06899
53.21042	-0.06947
53.25182	-0.06851
53.29321	-0.06641
53.34495	-0.06931
53.39669	-0.06915
53.45878	-0.06722
53.52087	-0.06980
53.58296	-0.07044
53.65540	-0.06738
53.73818	-0.06996
53.80027	-0.07254
53.87271	-0.06947
53.94515	-0.07318
53.99689	-0.07270
54.05898	-0.07157
54.12107	-0.07463
54.17281	-0.07254
54.23490	-0.07173
54.29698	-0.07398
54.35907	-0.07624
54.41082	-0.07254
54.46256	-0.07398
54.52465	-0.07109
54.57639	-0.07415
54.61778	-0.06786
54.67987	-0.07044
54.73161	-0.06657
54.78335	-0.07254
54.84544	-0.06867
54.89718	-0.07221
54.96962	-0.07495
55.03171	-0.07382
55.09380	-0.07511
55.15589	-0.07366
55.20763	-0.07060
55.25937	-0.07125
55.30076	-0.07415
55.35250	-0.07109
55.39389	-0.07366
55.44563	-0.06819
55.48703	-0.07044
55.51807	-0.07237
55.56981	-0.06996
55.62155	-0.07463
55.66295	-0.07334
55.70434	-0.07656
55.73538	-0.07318
55.77678	-0.07237
55.82852	-0.07141
55.85956	-0.07382
55.90096	-0.07527
55.93200	-0.07318
55.96304	-0.06931
55.98374	-0.07157
56.01479	-0.07270
56.04583	-0.07092
56.08722	-0.07302
56.12862	-0.07286
56.18036	-0.07157
56.22175	-0.07382
56.28384	-0.07254
56.34593	-0.07270
56.40802	-0.07189
56.49080	-0.07286
56.55289	-0.07511
56.61498	-0.06802
56.70811	-0.06738
56.80125	-0.06819
56.89438	-0.07125
56.99786	-0.06835
57.09100	-0.07237
57.18413	-0.06593
57.26692	-0.06996
57.34970	-0.07366
57.42214	-0.07270
57.50493	-0.07076
57.56701	-0.07511
57.62910	-0.06883
57.68085	-0.06964
57.72224	-0.06835
57.76363	-0.07334
57.81537	-0.07366
57.86711	-0.06786
57.91885	-0.07012
57.98094	-0.06835
58.05338	-0.07125
58.12582	-0.06754
58.19825	-0.07012
58.27069	-0.07350
58.35348	-0.07157
58.43626	-0.07270
58.50870	-0.07237
58.59149	-0.07060
58.67427	-0.06947
58.76741	-0.07237
58.85019	-0.07318
58.93298	-0.06899
59.02611	-0.07270
59.09855	-0.06980
59.17099	-0.07125
59.25377	-0.06899
59.32621	-0.06561
59.39865	-0.06947
59.46073	-0.06899
59.53317	-0.07205
59.60561	-0.07270
59.66770	-0.06786
59.75048	-0.06593
59.83327	-0.06770
59.90571	-0.07237
59.98849	-0.07334
60.07128	-0.07109
60.16441	-0.07092
60.25755	-0.07109
60.34033	-0.07254
60.41277	-0.07221
60.48521	-0.07237
60.55764	-0.07173
60.61973	-0.06883
60.70252	-0.06996
60.77496	-0.07012
60.85774	-0.06899
60.94053	-0.07189
61.02331	-0.06947
61.11645	-0.07125
61.21993	-0.07447
61.30271	-0.07173
61.39585	-0.07254
61.48898	-0.06915
61.59246	-0.07125
61.69595	-0.06609
61.79943	-0.06947
61.89256	-0.06947
61.99604	-0.06464
62.05813	-0.07012
62.15127	-0.07012
62.23405	-0.06867
62.29614	-0.06706
62.39962	-0.06915
62.49276	-0.07318
62.57554	-0.06641
62.64798	-0.07044
62.72042	-0.06996
62.80320	-0.07125
62.87564	-0.06722
62.94808	-0.06464
63.01017	-0.06867
63.07226	-0.06657
63.14469	-0.06770
63.18609	-0.06786
63.24817	-0.06754
63.31026	-0.06432
63.37235	-0.06931
63.41375	-0.07109
63.44479	-0.06915
63.46549	-0.06271
63.50688	-0.06674
63.60001	-0.06625
63.66210	-0.07141
63.71384	-0.06770
63.77593	-0.06786
63.83802	-0.06625
63.90011	-0.06996
63.96220	-0.07141
64.04499	-0.07254
64.11742	-0.06931
64.21056	-0.06754
64.28299	-0.07092
64.38648	-0.06738
64.47961	-0.07157
64.58309	-0.06770
64.67623	-0.06674
64.79006	-0.06674
64.88319	-0.07189
64.94528	-0.06657
65.04876	-0.06657
65.14189	-0.06835
65.20398	-0.06609
65.28677	-0.06786
65.34886	-0.07092
65.41095	-0.06947
65.46269	-0.07141
65.50408	-0.06706
65.54547	-0.06883
65.58687	-0.06593
65.62826	-0.06867
65.70070	-0.07125
65.78348	-0.06641
65.83522	-0.06915
65.92836	-0.06835
66.00079	-0.06625
66.07323	-0.06754
66.12497	-0.07028
66.21811	-0.06690
66.26985	-0.06657
66.36298	-0.06496
66.45612	-0.07092
66.53890	-0.06625
66.61134	-0.07044
66.69412	-0.06625
66.76656	-0.06400
66.80795	-0.06802
66.87004	-0.06835
66.96318	-0.06722
67.04596	-0.06851
67.12875	-0.06496
67.21153	-0.06867
67.29432	-0.06770
67.36676	-0.06545
67.48059	-0.06577
67.57372	-0.06222
67.66685	-0.06722
67.77034	-0.06319
67.87382	-0.06609
67.96695	-0.06609
68.04974	-0.06980
68.11183	-0.06641
68.21531	-0.06915
68.29809	-0.06480
68.38088	-0.06802
68.46367	-0.06625
68.54645	-0.06964
68.61889	-0.06690
68.70167	-0.06545
68.78446	-0.06754
68.86725	-0.06593
68.93968	-0.06545
69.02247	-0.06641
69.08456	-0.06657
69.16734	-0.06384
69.22943	-0.06480
69.30187	-0.06593
69.37431	-0.06480
69.43640	-0.06206
69.50883	-0.06496
69.56057	-0.06561
69.63301	-0.06722
69.68475	-0.06255
69.74684	-0.06367
69.80893	-0.06496
69.88137	-0.06271
69.95381	-0.06271
70.01589	-0.06609
70.06764	-0.06303
70.12972	-0.06496
70.19181	-0.06883
70.25390	-0.06706
70.31599	-0.06819
70.38843	-0.06754
70.48156	-0.06432
70.56435	-0.06706
70.65748	-0.06271
70.77131	-0.06529
70.87480	-0.06448
70.99897	-0.06271
71.10246	-0.06480
71.20594	-0.06222
71.29907	-0.06367
71.36116	-0.06690
71.41290	-0.06432
71.46464	-0.06319
71.50604	-0.06287
71.54743	-0.06432
71.57847	-0.06674
71.63021	-0.06174
71.68195	-0.06142
71.74404	-0.06094
71.81648	-0.06174
71.89927	-0.06045
72.00275	-0.06400
72.09588	-0.06384
72.18902	-0.06738
72.26145	-0.06529
72.33389	-0.06110
72.38563	-0.06851
72.42702	-0.05868
72.45807	-0.06174
72.48911	-0.06222
72.52016	-0.06206
72.55120	-0.06351
72.58225	-0.06625
72.61329	-0.06400
72.63399	-0.06077
72.67538	-0.06593
72.71677	-0.06416
72.75817	-0.06255
72.78921	-0.06529
72.83060	-0.06545
72.87200	-0.06384
72.93409	-0.06303
72.98583	-0.05949
73.04792	-0.06013
73.11001	-0.06464
73.17209	-0.06222
73.24453	-0.06174
73.32732	-0.06142
73.43080	-0.06126
73.52393	-0.06222
73.61707	-0.06271
73.71020	-0.06384
73.81368	-0.06142
73.88612	-0.06384
73.96891	-0.06013
74.04134	-0.06351
74.11378	-0.06255
74.17587	-0.06126
74.22761	-0.06110
74.28970	-0.05900
74.33109	-0.05997
74.38283	-0.06061
74.43457	-0.06319
74.47597	-0.05981
74.52771	-0.06416
74.57945	-0.06045
74.63119	-0.06142
74.69328	-0.06158
74.75537	-0.06094
74.81746	-0.06287
74.87955	-0.05965
74.94164	-0.06609
75.01407	-0.06013
75.08651	-0.06126
75.15895	-0.06432
75.22104	-0.06303
75.29347	-0.06110
75.35556	-0.06158
75.41765	-0.06448
75.46939	-0.05691
75.52114	-0.05933
75.57288	-0.05610
75.62462	-0.06061
75.68671	-0.06126
75.74880	-0.06319
75.81088	-0.05900
75.88332	-0.05965
75.95576	-0.05755
76.01785	-0.05916
76.07994	-0.06319
76.14203	-0.05820
76.20412	-0.06013
76.25586	-0.05514
76.32829	-0.05868
76.39038	-0.06013
76.46282	-0.06029
76.54561	-0.05691
76.61804	-0.05884
76.69048	-0.06496
76.76292	-0.06094
76.83536	-0.05868
76.91814	-0.06239
76.99058	-0.05739
77.06302	-0.05578
77.13545	-0.05788
77.20789	-0.05659
77.29068	-0.06158
77.37346	-0.06432
77.46660	-0.06094
77.59077	-0.06094
77.69426	-0.05739
77.78739	-0.06094
77.89087	-0.05739
77.99435	-0.05965
78.08749	-0.05594
78.20132	-0.05739
78.30480	-0.06110
78.40828	-0.05659
78.52211	-0.05723
78.61525	-0.05369
78.68768	-0.05884
78.77047	-0.05401
78.85325	-0.04837
78.92569	-0.05481
78.99813	-0.05159
79.06022	-0.05369
79.12231	-0.05175
79.20509	-0.05562
79.29823	-0.06061
79.40171	-0.05336
79.53624	-0.05884
79.61902	-0.05610
79.70181	-0.05610
79.75355	-0.05916
79.78459	-0.06029
79.83633	-0.05755
79.91912	-0.06077
80.01225	-0.05820